0.000000
311662.000000
1275965.000000
1544546.000000
989729.000000
863512.000000
3154182.000000
1411140.000000
1124291.000000
524339.000000
908151.000000
446967.000000
639664.000000
632758.000000
895543.000000
1506316.000000
1820682.000000
1055757.000000
2336715.000000
2039010.000000
1787691.000000
1180659.000000
846057.000000
1668865.000000
2303999.000000
3514614.000000
1611890.000000
329039.000000
845892.000000
1562911.000000
409393.000000
311662.000000
0.000000
1238679.000000
1507260.000000
952443.000000
593018.000000
2883688.000000
1186897.000000
900048.000000
223644.000000
791098.000000
417756.000000
873785.000000
905928.000000
1168713.000000
1683747.000000
1855000.000000
1228316.000000
2371033.000000
2073328.000000
1809604.000000
1214977.000000
897108.000000
1561957.000000
2325912.000000
3290371.000000
1387647.000000
325970.000000
1163081.000000
1470268.000000
292268.000000
1275965.000000
1238679.000000
0.000000
282391.000000
294829.000000
1338377.000000
3632796.000000
2381651.000000
2051778.000000
1437126.000000
2018470.000000
1638596.000000
1871567.000000
1864661.000000
2079212.000000
2739265.000000
3054918.000000
2272390.000000
3570951.000000
3273246.000000
3010000.000000
2414895.000000
2083138.000000
2789329.000000
3526308.000000
4485125.000000
2582401.000000
959055.000000
2016147.000000
2697640.000000
973173.000000
1544546.000000
1507260.000000
282391.000000
0.000000
553362.000000
1607816.000000
3902235.000000
2734327.000000
2321217.000000
1763442.000000
2344786.000000
1964912.000000
2197883.000000
2190977.000000
2405528.000000
3065581.000000
3381234.000000
2598706.000000
3897267.000000
3599562.000000
3336316.000000
2741211.000000
2409454.000000
3115645.000000
3852624.000000
4837801.000000
2935077.000000
1285371.000000
2342463.000000
3023956.000000
1277080.000000
989729.000000
952443.000000
294829.000000
553362.000000
0.000000
1165003.000000
3459422.000000
2094948.000000
1878404.000000
1150423.000000
1731767.000000
1351893.000000
1584864.000000
1577958.000000
1792509.000000
2452562.000000
2768215.000000
1985687.000000
3284248.000000
2986543.000000
2723297.000000
2128192.000000
1796435.000000
2502626.000000
3239605.000000
4198422.000000
2295698.000000
672352.000000
1729444.000000
2410937.000000
686470.000000
863512.000000
593018.000000
1338377.000000
1607816.000000
1165003.000000
0.000000
2298434.000000
1130526.000000
717416.000000
440399.000000
960087.000000
874803.000000
1460669.000000
1451557.000000
1714342.000000
2270631.000000
2302098.000000
1730534.000000
2811098.000000
2513393.000000
2022918.000000
1672224.000000
1383127.000000
1734610.000000
2438829.000000
3234000.000000
1331276.000000
613313.000000
1687349.000000
1659936.000000
479441.000000
3154182.000000
2883688.000000
3632796.000000
3902235.000000
3459422.000000
2298434.000000
0.000000
1906181.000000
2007873.000000
2730456.000000
2534853.000000
2999493.000000
3454616.000000
3633081.000000
3844921.000000
4173744.000000
4150871.000000
3626378.000000
4392602.000000
3923692.000000
3370445.000000
3520997.000000
3267000.000000
2760664.000000
3564727.000000
2743531.000000
1739933.000000
2905498.000000
3912175.000000
2986406.000000
2771626.000000
1411140.000000
1186897.000000
2381651.000000
2734327.000000
2094948.000000
1130526.000000
1906181.000000
0.000000
425489.000000
986731.000000
627748.000000
1092388.000000
1547511.000000
1725976.000000
1937816.000000
2266639.000000
2243766.000000
1719273.000000
2494460.000000
2025550.000000
1472303.000000
1613892.000000
1359895.000000
863246.000000
1667309.000000
2125009.000000
222285.000000
1496414.000000
2005070.000000
1088264.000000
1435830.000000
1124291.000000
900048.000000
2051778.000000
2321217.000000
1878404.000000
717416.000000
2007873.000000
425489.000000
0.000000
700266.000000
691926.000000
1027176.000000
1611020.000000
1670477.000000
1933262.000000
2330148.000000
2307275.000000
1782782.000000
2816275.000000
2188205.000000
1634958.000000
1677401.000000
1423404.000000
1390593.000000
1996237.000000
2530068.000000
627344.000000
1157205.000000
1949571.000000
1250919.000000
1193640.000000
524339.000000
223644.000000
1437126.000000
1763442.000000
1150423.000000
440399.000000
2730456.000000
986731.000000
700266.000000
0.000000
601746.000000
431801.000000
998446.000000
1091628.000000
1354413.000000
1808408.000000
1859096.000000
1287532.000000
2368096.000000
2070391.000000
1643898.000000
1229222.000000
940125.000000
1372605.000000
2076824.000000
3090739.000000
1188015.000000
522896.000000
1372127.000000
1280916.000000
489194.000000
908151.000000
791098.000000
2018470.000000
2344786.000000
1731767.000000
960087.000000
2534853.000000
627748.000000
691926.000000
601746.000000
0.000000
480415.000000
927220.000000
1105685.000000
1317525.000000
1646348.000000
1623475.000000
1098982.000000
2132475.000000
1635911.000000
1070957.000000
993601.000000
739604.000000
781306.000000
1485525.000000
2749076.000000
846352.000000
1104792.000000
1384779.000000
707975.000000
1071090.000000
446967.000000
417756.000000
1638596.000000
1964912.000000
1351893.000000
874803.000000
2999493.000000
1092388.000000
1027176.000000
431801.000000
480415.000000
0.000000
565659.000000
662698.000000
925483.000000
1375621.000000
1470383.000000
854745.000000
1952254.000000
1654549.000000
1409344.000000
813380.000000
512491.000000
1242625.000000
1925652.000000
3215872.000000
1313148.000000
702539.000000
941792.000000
1150936.000000
691668.000000
639664.000000
873785.000000
1871567.000000
2197883.000000
1584864.000000
1460669.000000
3454616.000000
1547511.000000
1611020.000000
998446.000000
927220.000000
565659.000000
0.000000
180322.000000
406187.000000
871694.000000
1208061.000000
430173.000000
1791644.000000
1583904.000000
1423727.000000
725553.000000
376592.000000
1509911.000000
1940035.000000
3670277.000000
1767553.000000
935203.000000
466240.000000
1281882.000000
1016204.000000
632758.000000
905928.000000
1864661.000000
2190977.000000
1577958.000000
1451557.000000
3633081.000000
1725976.000000
1670477.000000
1091628.000000
1105685.000000
662698.000000
180322.000000
0.000000
272301.000000
888977.000000
1358523.000000
580635.000000
1942106.000000
1770974.000000
1588008.000000
912623.000000
540873.000000
1674192.000000
2104316.000000
3842206.000000
1939482.000000
929190.000000
298775.000000
1446163.000000
1009991.000000
895543.000000
1168713.000000
2079212.000000
2405528.000000
1792509.000000
1714342.000000
3844921.000000
1937816.000000
1933262.000000
1354413.000000
1317525.000000
925483.000000
406187.000000
272301.000000
0.000000
683775.000000
1251495.000000
542134.000000
1834924.000000
1711635.000000
1679434.000000
891934.000000
749027.000000
1877270.000000
2200745.000000
4056744.000000
2154020.000000
1143251.000000
175504.000000
1629327.000000
1272344.000000
1506316.000000
1683747.000000
2739265.000000
3065581.000000
2452562.000000
2270631.000000
4173744.000000
2266639.000000
2330148.000000
1808408.000000
1646348.000000
1375621.000000
871694.000000
888977.000000
683775.000000
0.000000
876591.000000
558002.000000
1424978.000000
1426340.000000
1619141.000000
850462.000000
901350.000000
2041522.000000
2099931.000000
4015492.000000
2487109.000000
1802035.000000
780793.000000
1746600.000000
1869114.000000
1820682.000000
1855000.000000
3054918.000000
3381234.000000
2768215.000000
2302098.000000
4150871.000000
2243766.000000
2307275.000000
1859096.000000
1623475.000000
1470383.000000
1208061.000000
1358523.000000
1251495.000000
876591.000000
0.000000
778437.000000
581965.000000
560671.000000
929116.000000
668371.000000
975143.000000
1575328.000000
1339020.000000
3480589.000000
2463386.000000
2103434.000000
1432654.000000
1293380.000000
2117590.000000
1055757.000000
1228316.000000
2272390.000000
2598706.000000
1985687.000000
1730534.000000
3626378.000000
1719273.000000
1782782.000000
1287532.000000
1098982.000000
854745.000000
430173.000000
580635.000000
542134.000000
558002.000000
778437.000000
0.000000
1362295.000000
1193814.000000
1161613.000000
347756.000000
353105.000000
1457096.000000
1682924.000000
3431066.000000
1938864.000000
1335655.000000
714847.000000
1206795.000000
1421996.000000
2336715.000000
2371033.000000
3570951.000000
3897267.000000
3284248.000000
2811098.000000
4392602.000000
2494460.000000
2816275.000000
2368096.000000
2132475.000000
1952254.000000
1791644.000000
1942106.000000
1834924.000000
1424978.000000
581965.000000
1362295.000000
0.000000
473748.000000
1056477.000000
1174364.000000
1489333.000000
1683481.000000
1209223.000000
3402317.000000
2603005.000000
2617624.000000
2014798.000000
1401847.000000
2631780.000000
2039010.000000
2073328.000000
3273246.000000
3599562.000000
2986543.000000
2513393.000000
3923692.000000
2025550.000000
2188205.000000
2070391.000000
1635911.000000
1654549.000000
1583904.000000
1770974.000000
1711635.000000
1426340.000000
560671.000000
1193814.000000
473748.000000
0.000000
600752.000000
877351.000000
1192320.000000
1218019.000000
775230.000000
2968324.000000
2134873.000000
2320611.000000
1892264.000000
933715.000000
2334767.000000
1787691.000000
1809604.000000
3010000.000000
3336316.000000
2723297.000000
2022918.000000
3370445.000000
1472303.000000
1634958.000000
1643898.000000
1070957.000000
1409344.000000
1423727.000000
1588008.000000
1679434.000000
1619141.000000
929116.000000
1161613.000000
1056477.000000
600752.000000
0.000000
794090.000000
1049761.000000
636212.000000
517563.000000
2532628.000000
1567030.000000
2060968.000000
1826168.000000
373645.000000
2075124.000000
1180659.000000
1214977.000000
2414895.000000
2741211.000000
2128192.000000
1672224.000000
3520997.000000
1613892.000000
1677401.000000
1229222.000000
993601.000000
813380.000000
725553.000000
912623.000000
891934.000000
850462.000000
668371.000000
347756.000000
1174364.000000
877351.000000
794090.000000
0.000000
333940.000000
1186301.000000
1309757.000000
3160271.000000
1833244.000000
1462231.000000
1080079.000000
891379.000000
1476387.000000
846057.000000
897108.000000
2083138.000000
2409454.000000
1796435.000000
1383127.000000
3267000.000000
1359895.000000
1423404.000000
940125.000000
739604.000000
512491.000000
376592.000000
540873.000000
749027.000000
901350.000000
975143.000000
353105.000000
1489333.000000
1192320.000000
1049761.000000
333940.000000
0.000000
1156576.000000
1559355.000000
3483765.000000
1581041.000000
1134227.000000
840503.000000
891170.000000
1148383.000000
1668865.000000
1561957.000000
2789329.000000
3115645.000000
2502626.000000
1734610.000000
2760664.000000
863246.000000
1390593.000000
1372605.000000
781306.000000
1242625.000000
1509911.000000
1674192.000000
1877270.000000
2041522.000000
1575328.000000
1457096.000000
1683481.000000
1218019.000000
636212.000000
1186301.000000
1156576.000000
0.000000
846478.000000
1992737.000000
1070282.000000
1876984.000000
1959696.000000
307361.000000
1843282.000000
2303999.000000
2325912.000000
3526308.000000
3852624.000000
3239605.000000
2438829.000000
3564727.000000
1667309.000000
1996237.000000
2076824.000000
1485525.000000
1925652.000000
1940035.000000
2104316.000000
2200745.000000
2099931.000000
1339020.000000
1682924.000000
1209223.000000
775230.000000
517563.000000
1309757.000000
1559355.000000
846478.000000
0.000000
2205582.000000
1872916.000000
2574729.000000
2339929.000000
840552.000000
2588885.000000
3514614.000000
3290371.000000
4485125.000000
4837801.000000
4198422.000000
3234000.000000
2743531.000000
2125009.000000
2530068.000000
3090739.000000
2749076.000000
3215872.000000
3670277.000000
3842206.000000
4056744.000000
4015492.000000
3480589.000000
3431066.000000
3402317.000000
2968324.000000
2532628.000000
3160271.000000
3483765.000000
1992737.000000
2205582.000000
0.000000
1905428.000000
3599148.000000
4125801.000000
2277245.000000
3538564.000000
1611890.000000
1387647.000000
2582401.000000
2935077.000000
2295698.000000
1331276.000000
1739933.000000
222285.000000
627344.000000
1188015.000000
846352.000000
1313148.000000
1767553.000000
1939482.000000
2154020.000000
2487109.000000
2463386.000000
1938864.000000
2603005.000000
2134873.000000
1567030.000000
1833244.000000
1581041.000000
1070282.000000
1872916.000000
1905428.000000
0.000000
1693711.000000
2220364.000000
1177677.000000
1633127.000000
329039.000000
325970.000000
959055.000000
1285371.000000
672352.000000
613313.000000
2905498.000000
1496414.000000
1157205.000000
522896.000000
1104792.000000
702539.000000
935203.000000
929190.000000
1143251.000000
1802035.000000
2103434.000000
1335655.000000
2617624.000000
2320611.000000
2060968.000000
1462231.000000
1134227.000000
1876984.000000
2574729.000000
3599148.000000
1693711.000000
0.000000
1079270.000000
1819339.000000
136602.000000
845892.000000
1163081.000000
2016147.000000
2342463.000000
1729444.000000
1687349.000000
3912175.000000
2005070.000000
1949571.000000
1372127.000000
1384779.000000
941792.000000
466240.000000
298775.000000
175504.000000
780793.000000
1432654.000000
714847.000000
2014798.000000
1892264.000000
1826168.000000
1080079.000000
840503.000000
1959696.000000
2339929.000000
4125801.000000
2220364.000000
1079270.000000
0.000000
1716798.000000
1211523.000000
1562911.000000
1470268.000000
2697640.000000
3023956.000000
2410937.000000
1659936.000000
2986406.000000
1088264.000000
1250919.000000
1280916.000000
707975.000000
1150936.000000
1281882.000000
1446163.000000
1629327.000000
1746600.000000
1293380.000000
1206795.000000
1401847.000000
933715.000000
373645.000000
891379.000000
891170.000000
307361.000000
840552.000000
2277245.000000
1177677.000000
1819339.000000
1716798.000000
0.000000
1752795.000000
409393.000000
292268.000000
973173.000000
1277080.000000
686470.000000
479441.000000
2771626.000000
1435830.000000
1193640.000000
489194.000000
1071090.000000
691668.000000
1016204.000000
1009991.000000
1272344.000000
1869114.000000
2117590.000000
1421996.000000
2631780.000000
2334767.000000
2075124.000000
1476387.000000
1148383.000000
1843282.000000
2588885.000000
3538564.000000
1633127.000000
136602.000000
1211523.000000
1752795.000000
0.000000
