117.119999,36.651216
114.51486,38.042307
125.323544,43.817071
126.534967,45.803775
123.431474,41.805698
111.749180,40.842585
87.616848,43.825592
103.834303,36.061089
106.230909,38.487193
112.548879,37.870590
108.940174,34.341568
113.625368,34.746599
117.227239,31.820586
118.796877,32.060255
120.155070,30.274084
119.296494,26.074507
113.264434,23.129162
115.858197,28.682892
110.198293,20.044001
108.366543,22.817002
106.630153,26.647661
112.938814,28.228209
114.305392,30.593098
104.066541,30.572269
102.832891,24.880095
91.140856,29.645554
101.778228,36.617144
117.200983,39.084158
121.473701,31.230416
106.551556,29.563009
116.407526,39.904030
